545 595 815 680 580 605 1408 1008 1264 1280 1440 1120 1621 1283 1161 1278 1131 1381 1016 1192 1200 1152 1064 1304 780 860 645 755 725 660 
1065 1060 1140 1070 890 855 2469 1499 1645 1640 1584 1544 1901 2205 1593 1584 1674 1908 1704 1824 1712 1448 1368 1584 900 930 1000 1090 1055 885 
1030 1325 1080 1230 1000 1020 2248 1616 2176 2288 2256 1800 2196 2205 1860 1996 1847 1878 1760 1904 1920 1472 1344 1736 1085 1230 1145 1010 1250 1115 
725 690 830 765 625 560 1648 1248 1512 1464 1472 1216 1484 1618 1505 1427 1252 1310 1488 1312 1296 920 1176 1456 720 785 610 800 745 775 
770 870 1015 1110 705 785 1696 1776 1680 1744 2048 1560 1485 1827 1530 1449 1494 1350 1464 1440 1367 1362 1239 1360 820 810 995 775 1000 845 
960 940 990 965 715 900 1984 1432 1600 1880 2056 1648 2115 1872 1575 1665 1593 1782 1632 1840 1432 1384 1496 1456 1005 1010 1030 995 1105 900 
1750 1940 1900 1810 1640 1696 3497 2655 3119 2917 3152 2848 3492 3978 2412 2268 2988 3150 3008 3280 2016 2240 2864 2672 1820 1640 1670 1710 1860 1600 
1680 1920 1760 2010 1370 1710 3280 2848 3200 3472 3728 2672 2945 3240 2664 2682 3186 2934 2802 2572 2342 1902 2358 2713 1680 1910 1810 1540 1890 1670 
1170 1620 1960 1610 1560 1330 3568 2566 2647 2729 2981 2685 3518 2995 2037 2525 2389 2961 2528 3600 2880 2800 2496 2208 1540 1460 1600 1550 1710 1370 
1640 2040 2230 1900 1710 1640 3920 3328 3696 3584 3424 3168 3582 3690 2862 2898 3240 3330 3584 3472 2832 2864 3264 3488 1710 1970 2100 2090 1760 1960 
1930 1830 2190 2090 1610 1450 4464 2784 3408 3360 3504 3152 3672 3224 2695 3237 3037 3092 3432 3551 2856 2582 3142 2742 1540 2010 1800 1760 1890 1850 
1620 1590 1840 1960 1180 1440 3224 2512 2915 2660 3333 2512 2868 2981 2851 3117 2593 2787 2495 2172 2125 2171 2139 2441 1710 1690 1500 1560 1950 1540 
2974 2940 2879 3355 2301 2505 6264 4104 5875 6050 5964 4681 6011 6129 4995 5076 4212 5088 4953 4752 4344 4128 4344 4440 2640 2684 2997 2745 3360 3045 
1710 2145 2235 2505 2055 1935 4704 3528 4622 4094 3960 3113 3746 4617 3330 3734 3721 4001 4017 3554 3403 2572 2840 3217 2340 2340 2055 2010 2295 1785 
2595 3045 3060 3210 2850 2475 5880 4992 5016 5256 5184 4440 5615 6102 3996 4536 4898 5049 4058 4923 4278 4495 3564 5005 2614 2797 2971 2886 3120 2613 
1920 2610 2040 2295 2280 2310 3984 3069 4032 4328 4306 3787 4669 5414 4513 3976 4473 3317 3590 3734 3576 3000 3090 3990 2820 2580 2250 2265 2775 2040 
2130 2775 3345 2880 2385 2610 6274 4388 4915 4546 4968 4698 4729 5674 4300 4142 5108 4872 4416 5274 5261 3528 3910 3942 2288 2595 3131 2811 2764 2205 
2850 3300 3465 3705 3165 2745 6547 4584 5232 5584 6064 4968 7620 6196 4676 5081 5379 5287 4613 5782 5074 4840 5133 5815 3450 3375 3405 3435 3810 3060 
3940 3680 4380 4360 2820 3540 8091 4418 6784 6504 7672 5178 8177 7295 6383 6144 6910 6507 6779 6378 5490 6070 6823 6011 3500 4360 3600 4164 4380 4100 
2195 3120 2820 2480 2520 2720 5772 4132 4820 4455 5440 3808 5689 6066 3718 3740 3331 5505 3790 5312 4480 4384 4288 5152 2740 2360 2660 3460 3460 2520 
3400 4320 3960 3431 3920 3940 7552 6085 6451 6048 7012 6344 6790 8298 5942 6495 5692 7320 5728 7136 5952 6176 4736 5472 3860 3880 3920 3780 3680 3400 
2680 3840 3700 3400 3020 3080 7584 5728 6784 6240 6592 5024 6014 6673 5207 5946 4506 7014 5036 6580 6272 4523 4519 5152 2660 3200 3540 3580 3180 3240 
3226 2628 3282 2797 2363 2903 5920 4192 5216 4576 6048 4160 6263 6485 4823 4665 4949 6636 4929 5347 4004 4700 4274 4766 3124 3280 2700 3384 2789 3245 
2709 3320 3040 3060 2780 2774 5988 3828 5664 5460 5568 4230 7075 6195 3550 5828 5434 5754 4126 5856 4887 4492 3365 4296 2960 3460 3160 2820 3451 2200 
4610 5474 5780 5623 4382 4575 11129 7690 9336 10289 10539 7742 9785 9802 9486 9155 7794 9858 7756 7820 8641 7226 8267 9498 5509 5489 5500 5337 5504 5191 
3625 3950 4225 3924 3050 3350 7557 6160 7300 7472 7535 6582 7628 8344 6744 7621 5981 7361 6008 6289 6063 5762 4777 6449 3554 3988 4002 4329 4100 3835 
3225 3800 3975 3040 2975 3150 6884 5493 7422 6706 8250 5146 6992 6331 6429 6389 5172 6495 5780 5821 5602 4933 6125 7158 3770 3877 3112 3609 4050 4024 
4050 4325 5025 4108 3300 4100 8936 6986 7944 7828 7803 7166 6855 7224 6871 6803 7128 8367 7209 6879 6511 5464 6408 6597 3651 4706 4827 4332 3416 4125 
3558 4849 4948 4862 3629 4972 8067 6480 8231 7115 9604 7511 7801 8304 7515 6985 8048 7296 7612 7094 6309 6070 6751 6927 5031 5164 4659 4600 4900 4339 
4263 5200 5150 5125 4475 4350 9574 7182 9339 8224 8729 7235 9609 10206 6175 7830 7679 8244 6889 7819 6645 7002 5877 7744 5093 4578 4438 4146 5623 3671 
