109 119 163 136 116 121 176 126 158 160 180 140 183 145 132 144 127 155 127 149 150 144 133 163 156 172 129 151 145 132 
213 212 228 214 178 171 320 190 209 205 198 193 215 245 177 176 186 212 213 228 214 181 171 198 180 186 200 218 211 177 
206 265 216 246 200 204 281 202 272 286 282 225 244 245 212 227 210 213 220 238 240 184 168 217 217 246 229 202 250 223 
145 138 166 153 125 112 206 156 189 183 184 152 172 187 174 164 144 150 186 164 162 115 147 182 144 157 122 160 149 155 
154 174 203 222 141 157 212 222 210 218 256 195 165 203 170 161 166 150 183 180 176 173 159 170 164 162 199 155 200 169 
192 188 198 193 143 180 248 179 200 235 257 206 235 208 175 185 177 198 204 230 179 173 187 182 201 202 206 199 221 180 
178 194 190 181 164 172 222 167 197 184 199 179 194 221 134 126 166 175 188 205 126 140 179 167 182 164 167 171 186 160 
168 192 176 201 137 171 205 178 200 217 233 167 165 180 148 149 177 163 178 163 149 121 150 173 168 191 181 154 189 167 
117 162 196 161 156 133 223 161 166 172 187 169 198 168 115 143 135 166 158 225 180 175 156 138 154 146 160 155 171 137 
164 204 223 190 171 164 245 208 231 224 214 198 199 205 159 161 180 185 224 217 177 179 204 218 171 197 210 209 176 196 
193 183 219 209 161 145 279 174 213 210 219 197 204 182 152 184 171 174 219 229 182 166 203 175 154 201 180 176 189 185 
162 159 184 196 118 144 204 157 184 170 211 157 161 168 161 176 146 157 158 140 137 139 136 158 171 169 150 156 195 154 
200 196 195 226 155 167 261 171 246 254 250 196 225 227 185 194 156 191 209 198 181 172 181 185 176 181 203 183 224 203 
114 143 149 167 137 129 196 147 196 172 165 131 142 171 124 140 139 151 169 151 144 110 120 136 156 156 137 134 153 119 
173 203 204 214 190 165 245 208 209 219 216 185 209 226 148 168 183 187 174 210 184 196 155 212 176 189 200 196 208 176 
128 174 136 153 152 154 166 129 172 185 184 162 178 203 170 149 168 124 155 158 152 125 130 168 188 172 150 151 185 136 
142 185 223 192 159 174 266 184 206 193 209 199 178 213 163 156 191 183 189 224 224 147 164 165 154 173 212 190 187 147 
190 220 231 247 211 183 281 191 221 235 257 207 287 237 180 191 204 201 195 243 214 204 217 244 230 225 227 229 254 204 
197 184 219 218 141 177 255 139 214 205 242 164 235 207 181 173 195 184 215 203 175 192 216 192 175 218 180 212 219 205 
111 156 141 124 126 136 181 130 152 140 171 119 159 170 104 105 94 155 119 166 140 137 134 161 137 118 133 173 173 126 
170 216 198 174 196 197 236 192 203 191 221 200 191 232 166 181 159 204 179 223 186 193 148 171 193 194 196 189 184 170 
134 192 185 170 151 154 237 179 212 195 206 157 169 187 146 166 127 196 158 208 196 143 142 161 133 160 177 179 159 162 
162 133 166 141 119 146 185 131 163 143 189 130 176 183 136 130 139 187 156 168 126 148 137 152 158 166 137 173 141 165 
137 166 152 153 139 140 189 120 177 171 174 133 199 175 100 165 152 161 130 183 153 141 106 136 148 173 158 141 175 110 
186 220 232 228 176 183 286 196 241 265 268 197 219 222 214 206 174 221 197 197 220 184 211 242 225 223 220 215 222 210 
145 158 169 158 122 134 193 155 184 188 189 166 171 188 155 173 136 167 154 160 155 149 125 167 143 162 161 174 164 154 
129 152 159 149 119 126 175 138 186 168 210 131 159 145 146 145 116 148 147 147 141 124 154 180 153 157 127 146 162 163 
162 173 201 166 132 164 228 176 201 197 199 180 156 169 157 156 163 190 183 176 167 140 164 170 150 192 196 174 138 165 
143 195 199 198 146 201 206 166 212 182 244 191 178 187 171 158 183 167 193 178 159 155 172 177 203 208 188 184 196 175 
172 208 206 205 179 174 243 180 234 206 220 184 218 228 139 174 172 185 174 197 167 176 150 195 205 185 181 168 227 148 
